# 
# 04/29/14 15:04:22
# 
27.475  14.652  25.956  17.206  24.032
31.171  23.266  30.044  28.103  29.041
17.585  29.467  18.383  24.133  26.551
26.697  21.548  21.620  20.411  18.135
24.655  32.905  12.984  24.810  25.995
16.384  17.617  25.350  12.056  12.300
34.014  30.601  22.201  30.874  34.831
31.023  13.045  23.743  12.076  32.673
11.863  26.248  33.274  27.426  28.933
27.380  16.151  34.089  18.369  32.979
25.625  12.603  23.685  21.074  34.944
17.799  22.367  20.572  30.195  22.109
19.082  24.527  15.951  15.922  13.245
28.065  19.317  13.421  30.446  14.462
31.177  27.460  30.077  33.053  34.385
33.069  28.641  32.822  14.961  34.125
25.082  11.714  19.040  24.284  13.470
13.474  29.379  33.227  33.815  12.590
20.328  13.216  28.926  32.184  34.652
19.576  17.050  18.461  20.008  14.307
35.758  35.607  24.286  20.277  11.995
34.749  31.580  33.708  30.749  29.304
23.164  24.770  13.976  11.017  28.295
33.323  22.560  33.592  35.125  13.180
17.653  27.322  30.795  18.505  14.396
33.950  30.466  17.499  18.695  20.648
28.187  15.801  15.949  14.820  11.506
21.900  22.429  32.767  21.882  36.072
32.084  27.461  11.372  17.589  35.274
28.870  19.734  19.835  33.529  24.152
29.530  18.526  15.241  31.958  30.411
24.310  31.295  13.929  23.395  17.880
17.019  30.121  24.395  24.150  13.266
25.537  33.796  26.869  19.032  23.653
28.663  15.712  34.311  17.427  25.381
21.281  25.009  14.183  31.088  26.267
32.087  34.240  14.054  34.857  17.519
20.353  14.774  27.130  19.425  33.658
24.222  21.849  14.591  14.764  28.119
34.170  32.405  28.459  26.256  17.619
16.840  20.579  15.961  32.894  33.461
26.608  35.720  14.351  21.148  15.340
35.616  21.301  33.864  13.892  30.652
20.422  22.664  20.595  14.007  26.773
12.653  18.001  31.123  32.638  34.902
28.565  18.136  16.578  31.834  17.613
22.774  12.461  12.216  20.884  24.071
31.008  13.959  26.488  30.162  11.513
16.255  21.851  19.633  28.932  35.034
34.056  31.749  11.390  22.648  12.680
30.952  11.697  27.546  11.969  33.361
12.138  22.485  18.871  32.209  16.997
28.353  25.008  25.581  21.066  29.536
21.741  12.972  19.420  27.878  34.572
19.075  25.617  18.799  22.088  26.946
15.776  17.133  30.350  31.714  26.430
35.663  28.921  36.071  36.122  30.714
29.899  34.847  30.480  18.098  21.498
27.715  27.746  15.630  29.699  24.643
28.010  14.344  27.954  22.110  18.656
30.699  14.433  34.411  32.485  32.697
20.097  24.558  23.601  17.709  11.337
12.693  13.744  26.330  19.166  35.647
26.876  33.002  25.935  34.151  25.672
18.874  31.764  15.135  23.516  32.093
35.685  17.441  17.992  18.783  18.926
17.119  14.131  19.441  23.380  34.970
26.739  20.188  14.479  34.640  13.329
18.387  29.043  35.844  18.184  35.925
28.571  11.234  21.658  11.909  20.673
18.307  25.920  12.436  30.426  11.636
33.508  25.846  33.483  16.900  19.905
30.815  13.672  18.586  31.648  32.186
32.355  13.369  28.499  19.435  16.501
34.508  27.880  24.068  31.019  23.017
27.792  11.509  18.454  30.630  27.640
20.829  33.161  15.794  30.031  34.534
15.049  35.757  10.700  12.353  11.894
26.159  17.929  21.416  22.736  22.605
31.492  33.174  24.773  14.557  15.440
25.314  19.817  18.648  24.452  36.167
18.851  16.685  14.798  35.198  10.767
11.280  32.853  17.265  33.392  35.604
29.304  35.546  16.257  23.212  27.374
25.499  26.514  13.480  18.922  28.204
17.392  35.465  17.336  13.331  20.338
22.351  18.437  25.926  29.284  21.498
26.377  28.094  11.060  22.430  25.014
30.209  18.493  20.787  35.620  19.935
24.182  17.438  27.544  13.260  19.014
18.327  18.408  18.590  33.424  26.996
16.765  12.549  29.271  22.659  18.591
14.314  28.760  34.248  29.943  19.988
18.576  25.825  20.957  18.027  17.813
11.749  32.358  11.696  12.040  22.639
11.024  30.355  17.935  16.139  35.134
14.604  13.267  32.706  21.385  17.848
31.302  25.896  27.567  26.787  17.651
11.037  26.577  13.034  26.701  21.734
25.216  12.164  30.776  31.243  18.924
